PTF10gva    
2.12 20771. 91.

SN2004gy
17.1 8880. 85.

SN2005ay
18.75 7848.5 198.84
24.81 6571.4 412.0
53.08 4871.84 514.5

SN2006bj
16.04 15185. 412.

SN2006bp
6.6  11589. 69.
25.6 6725. 49.

SN2008bj
21.0 8740. 89.
30.0 7901. 83.
49.0 6656. 45.

SN2008gd
13.3  12519. 323.

SN2008in
6.85 13806. 481.
13.83 10411. 123.
53.82 5309. 53.
59.83 5592. 134.

SN2009dd
8.07 10775. 58.
9.77 10402. 84.
42.97  5543.  35.

SN2013ab
12.58 9919. 77.

SN2013bu
6.78 9494. 123.

SN2013ej
9.5 12492. 84.
19.5 8184. 29.
44.5 6016. 31.


